1 0 429231 1
1 0 143680 1
1 0 433437 1
1 0 412900 1
1 0 304531 1
1 0 231446 1
1 0 368605 1
1 0 438735 1
1 0 400095 1
1 0 368749 1
1 0 368720 1
1 0 346280 1
1 0 400096 1
1 0 390572 1
1 0 344118 1
1 0 344117 1
1 0 264205 1
1 0 222291 1
1 0 411224 1
1 0 111858 1
1 0 108381 1
1 0 150659 0
1 0 113456 1
1 0 342444 1
1 0 330499 1
1 0 294275 1
1 0 178931 0
1 0 406799 1
1 0 406060 1
1 0 138026 1
2 0 160644 0
2 0 116593 0
2 0 167431 1
2 0 227563 1
2 0 363096 1
2 0 12953 1
2 0 123451 0
2 0 382585 1
2 0 313257 1
2 0 205542 0
2 0 351992 0
2 0 454156 0
2 0 342277 1
2 0 3993 1
2 0 114393 0
2 0 2972 0
2 0 263343 0
2 0 321329 0
2 0 449534 0
2 0 247788 0
2 0 418851 1
2 0 199357 1
2 0 201551 1
2 0 228765 1
2 0 204106 1
2 0 293994 0
2 0 204592 1
2 0 1593 1
2 0 35599 0
2 0 381888 0
3 0 34745 0
3 0 31936 0
3 0 31935 0
3 0 34744 0
3 0 36510 0
3 0 1420 0
3 0 28086 1
3 0 400857 1
3 0 15716 0
3 0 400889 0
3 0 71304 1
3 0 186 1
3 0 239829 1
3 0 339845 1
3 0 361166 1
3 0 366299 1
3 0 454634 1
3 0 286055 1
3 0 164508 1
3 0 239828 1
3 0 366300 1
3 0 373552 1
3 0 366307 1
3 0 366306 1
3 0 366304 1
3 0 336666 1
3 0 423791 0
3 0 171385 1
3 0 217425 1
3 0 174468 1
4 0 398704 1
4 0 368104 0
4 0 199042 0
4 0 310377 0
4 0 262211 0
4 0 344122 1
4 0 281655 0
4 0 336657 1
4 0 146791 0
4 0 150997 0
4 0 314487 1
4 0 307087 1
4 0 256317 1
4 0 344693 1
4 0 299098 1
4 0 349523 0
4 0 280794 1
4 0 332743 1
4 0 323438 1
4 0 235802 0
4 0 355199 1
4 0 313159 1
4 0 324856 1
4 0 169427 0
4 0 332290 0
4 0 463 0
4 0 316412 1
4 0 292375 0
4 0 348716 1
4 0 205637 0