1 0 387837 1
1 0 132846 1
1 0 447135 1
1 0 412900 1
1 0 304531 1
1 0 231446 1
1 0 368605 1
1 0 438735 1
1 0 400095 1
1 0 368749 1
1 0 368720 1
1 0 346280 1
1 0 400096 1
1 0 390572 1
1 0 344118 1
1 0 344117 1
1 0 264205 1
1 0 222291 1
1 0 411224 1
1 0 111858 1
1 0 108381 1
1 0 150659 0
1 0 113456 1
1 0 342444 1
1 0 330499 1
1 0 294275 1
1 0 178931 0
1 0 406799 1
1 0 406060 1
1 0 138026 1
2 0 160644 0
2 0 116593 0
2 0 167431 1
2 0 227563 1
2 0 363096 1
2 0 12953 1
2 0 123451 0
2 0 382585 1
2 0 313257 1
2 0 205542 0
2 0 351992 0
2 0 454156 0
2 0 342277 1
2 0 3993 1
2 0 114393 0
2 0 2972 0
2 0 263343 0
2 0 321329 0
2 0 449534 0
2 0 247788 0
2 0 418851 1
2 0 199357 1
2 0 201551 1
2 0 228765 1
2 0 204106 1
2 0 293994 0
2 0 204592 1
2 0 1593 1
2 0 35599 0
2 0 381888 0
3 0 34745 0
3 0 31936 0
3 0 31935 0
3 0 34744 0
3 0 36510 0
3 0 1420 0
3 0 28086 1
3 0 400857 1
3 0 15716 0
3 0 400889 0
3 0 71304 1
3 0 186 1
3 0 239829 1
3 0 339845 1
3 0 361166 1
3 0 366299 1
3 0 454634 1
3 0 286055 1
3 0 164508 1
3 0 239828 1
3 0 366300 1
3 0 373552 1
3 0 366307 1
3 0 366306 1
3 0 366304 1
3 0 336666 1
3 0 423791 0
3 0 171385 1
3 0 217425 1
3 0 174468 1
4 0 300865 0
4 0 309313 1
4 0 326104 0
4 0 347333 0
4 0 377857 0
4 0 338193 0
4 0 340155 0
4 0 264053 1
4 0 351125 1
4 0 339368 0
4 0 380662 1
4 0 331009 1
4 0 306072 0
4 0 275974 1
4 0 404098 0
4 0 295957 0
4 0 337246 1
4 0 358197 0
4 0 310779 1
4 0 295385 0
4 0 342472 1
4 0 129294 0
4 0 359339 0
4 0 328212 0
4 0 347929 0
4 0 353122 0
4 0 298442 0
4 0 308722 0
4 0 324515 0
4 0 327549 0
